h1_ak47_mp,acogmwr,acogmwrak47,
h1_ak47_mp,glmwr,glmwrak47,
h1_ak47_mp,glpremwr,glpremwrak47,
h1_ak47_mp,reflexmwr,reflexmwrak47,
h1_ak47_mp,silencermwr,silencermwrak47,
h1_g3_mp,acogmwr,acogmwrg3,
h1_g3_mp,glmwr,glmwrg3,
h1_g3_mp,glpremwr,glpremwrg3,
h1_g3_mp,reflexmwr,reflexmwrg3,
h1_g3_mp,silencermwr,silencermwrg3,
h1_g36c_mp,acogmwr,acogmwrg36c,
h1_g36c_mp,glmwr,glmwrg36c,
h1_g36c_mp,glpremwr,glpremwrg36c,
h1_g36c_mp,reflexmwr,reflexmwrg36c,
h1_g36c_mp,silencermwr,silencermwrg36c,
h1_m14_mp,acogmwr,acogmwrm14,
h1_m14_mp,glmwr,glmwrm14,
h1_m14_mp,glpremwr,glpremwrm14,
h1_m14_mp,gripmwr,gripmwrm14,
h1_m14_mp,reflexmwr,reflexmwrm14,
h1_m14_mp,silencermwr,silencermwrm14,
h1_m16_mp,acogmwr,acogmwrm16,
h1_m16_mp,glmwr,glmwrm16,
h1_m16_mp,glpremwr,glpremwrm16,
h1_m16_mp,reflexmwr,reflexmwrm16,
h1_m16_mp,silencermwr,silencermwrm16,
h1_m4_mp,acogmwr,acogmwrm4,
h1_m4_mp,glmwr,glmwrm4,
h1_m4_mp,glpremwr,glpremwrm4,
h1_m4_mp,reflexmwr,reflexmwrm4,
h1_m4_mp,silencermwr,silencermwrm4,
h1_xmlar_mp,acogmwr,acogmwrxmlar,
h1_xmlar_mp,glmwr,glmwrxmlar,
h1_xmlar_mp,silencermwr,silencermwrxmlar,
h1_aprast_mp,glmwr,glmwraprast,
h1_aprast_mp,acogmwr,acogmwraprast,
h1_aprast_mp,silencermwr,silencermwraprast,
h1_ak74u_mp,acogmwr,acogmwrak74u,
h1_ak74u_mp,reflexmwr,reflexmwrak74u,
h1_ak74u_mp,silencermwr,silencermwrak74u,
h1_mp5_mp,acogmwr,acogmwrmp5,
h1_mp5_mp,reflexmwr,reflexmwrmp5,
h1_mp5_mp,silencermwr,silencermwrmp5,
h1_p90_mp,acogmwr,acogmwrp90,
h1_p90_mp,reflexmwr,reflexmwrp90,
h1_p90_mp,silencermwr,silencermwrp90,
h1_skorpion_mp,acogmwr,acogmwrskorpion,
h1_skorpion_mp,reflexmwr,reflexmwrskorpion,
h1_skorpion_mp,silencermwr,silencermwrskorpion,
h1_uzi_mp,acogmwr,acogmwruzi,
h1_uzi_mp,reflexmwr,reflexmwruzi,
h1_uzi_mp,silencermwr,silencermwruzi,
h1_febsmg_mp,acogmwr,acogmwrfebsmg,
h1_febsmg_mp,gripmwr,gripmwrfebsmg,
h1_aprsmg_mp,acogmwr,acogmwraprsmg,
h1_aprsmg_mp,reflexmwr,reflexmwraprsmg,
h1_aprsmg_mp,silencermwr,silencermwraprsmg,
h1_m60e4_mp,acogmwr,acogmwrm60e4,
h1_m60e4_mp,gripmwr,gripmwrm60e4,
h1_m60e4_mp,reflexmwr,reflexmwrm60e4,
h1_m60e4_mp,thermalmwr,thermalmwrm60e4,
h1_rpd_mp,acogmwr,acogmwrrpd,
h1_rpd_mp,gripmwr,gripmwrrpd,
h1_rpd_mp,reflexmwr,reflexmwrrpd,
h1_rpd_mp,thermalmwr,thermalmwrrpd,
h1_saw_mp,acogmwr,acogmwrsaw,
h1_saw_mp,gripmwr,gripmwrsaw,
h1_saw_mp,reflexmwr,reflexmwrsaw,
h1_saw_mp,thermalmwr,thermalmwrsaw,
h1_feblmg_mp,acogmwr,acogmwrfeblmg,
h1_feblmg_mp,reflexmwr,reflexmwrfeblmg,
h1_feblmg_mp,gripmwr,gripmwrfeblmg,
h1_m1014_mp,gripmwr,gripmwrm1014,
h1_m1014_mp,reflexmwr,reflexmwrm1014,
h1_winchester1200_mp,gripmwr,gripmwrwinchester1200,
h1_winchester1200_mp,reflexmwr,reflexmwrwinchester1200,
h1_kam12_mp,gripmwr,gripmwrkam12,
h1_barrett_mp,acogmwr,acogmwrbarrett,
h1_dragunov_mp,acogmwr,acogmwrdragunov,
h1_m21_mp,acogmwr,acogmwrm21,
h1_m40a3_mp,acogmwr,acogmwrm40a3,
h1_remington700_mp,acogmwr,acogmwrremington700,
h1_febsnp_mp,acogmwr,acogmwrdmr25,
h1_beretta_mp,silencermwr,silencermwrberetta,
h1_beretta_mp,tacknifemwr,tacknifemwrberetta,
h1_colt45_mp,silencermwr,silencermwrcolt45,
h1_colt45_mp,tacknifemwr,tacknifemwrcolt45,
h1_usp_mp,silencermwr,silencermwrusp,
h1_usp_mp,tacknifemwr,tacknifemwrusp,
h1_deserteagle_mp,tacknifemwr,tacknifemwrdeserteagle,
h1_janpst_mp,tacknifemwr,tacknifemwrjanpst,
h1_aprpst_mp,tacknifemwr,tacknifemwraprpst,
h1_aprpst_mp,silencermwr,silencermwraprpst,
h1_junlmg_mp,acogmwr,acogmwrjunlmg,
h1_junlmg_mp,reflexmwr,reflexmwrjunlmg,
h1_junlmg_mp,gripmwr,gripmwrjunlmg,
h1_junsnp_mp,acogmwr,acogmwrjunsnp,
h1_augast_mp,reflexmwr,reflexmwraugast,
h1_augast_mp,glmwr,glmwraugast,
h1_augast_mp,acogmwr,acogmwraugast,
h1_augast_mp,silencermwr,silencermwraugast,
h1_augast_mp,glpremwr,glpremwraugast,
h1_augsmg_mp,acogmwr,acogmwraugsmg,
h1_augsmg_mp,reflexmwr,reflexmwraugsmg,
h1_augsmg_mp,silencermwr,silencermwraugsmg,
